169
1 5 2 4 35 42 46
2 3 1 5 42
3 1 25
4 4 1 11 33 34
5 4 2 6 25 42
6 2 5 25
7 1 18
8 2 12 23
9 1 11
10 2 11 15
11 5 4 9 10 22 34
12 4 8 20 23 24
13 3 17 20 27
14 1 18
15 2 10 19
16 3 17 19 32
17 5 13 16 29 31 38
18 4 7 14 26 28
19 4 15 16 21 32
20 3 12 13 24
21 3 19 30 36
22 3 11 34 36
23 4 8 12 24 26
24 4 12 20 23 26
25 4 3 5 6 42
26 6 18 23 24 27 28 41
27 4 13 26 31 41
28 2 18 26
29 5 17 31 37 38 40
30 7 21 34 36 45 63 73 90
31 5 17 27 29 37 39
32 5 16 19 38 44 45
33 6 4 34 35 69 72 73
34 5 4 11 22 30 33
35 3 1 33 46
36 3 21 22 30
37 5 29 31 39 40 43
38 4 17 29 32 40
39 5 31 37 43 53 55
40 4 29 37 38 43
41 4 26 27 53 58
42 6 1 2 5 25 47 51
43 5 37 39 40 48 54
44 5 32 45 48 49 63
45 4 30 32 44 63
46 3 1 35 47
47 5 42 46 51 60 61
48 5 43 44 54 63 88
49 2 44 63
50 2 65 79
51 3 42 47 60
52 1 59
53 3 39 41 55
54 5 43 48 62 67 68
55 4 39 53 62 66
56 1 64
57 4 59 64 70 71
58 3 41 59 66
59 6 52 57 58 70 80 81
60 3 47 51 61
61 4 47 60 65 69
62 4 54 55 66 67
63 8 30 44 45 48 49 88 89 93
64 2 56 57
65 4 50 61 77 79
66 6 55 58 62 68 78 80
67 5 54 62 68 88 92
68 4 54 66 67 78
69 3 33 61 72
70 6 57 59 71 74 81 82
71 3 57 70 75
72 3 33 69 76
73 5 30 33 76 84 90
74 3 70 75 98
75 2 71 74
76 3 72 73 77
77 3 65 76 86
78 4 66 68 83 91
79 3 50 65 97
80 5 59 66 83 94 95
81 2 59 70
82 5 70 94 98 108 118
83 3 78 80 85
84 2 73 90
85 3 83 95 103
86 5 77 90 96 104 105
87 2 98 107
88 5 48 63 67 89 92
89 6 63 88 92 99 113 114
90 5 30 73 84 86 93
91 3 78 92 109
92 4 67 88 89 91
93 5 63 90 102 110 123
94 5 80 82 95 101 118
95 4 80 85 94 101
96 4 86 97 106 112
97 2 79 96
98 5 74 82 87 107 108
99 3 89 110 113
100 4 103 109 115 132
101 4 94 95 103 121
102 3 93 104 123
103 6 85 100 101 121 126 132
104 4 86 102 105 123
105 5 86 104 106 120 131
106 5 96 105 112 117 120
107 5 87 98 108 111 116
108 5 82 98 107 111 118
109 3 91 100 115
110 7 93 99 114 123 130 136 139
111 6 107 108 116 118 122 143
112 5 96 106 119 120 157
113 3 89 99 114
114 4 89 110 113 115
115 6 100 109 114 130 132 144
116 3 107 111 122
117 2 106 119
118 6 82 94 108 111 121 140
119 4 112 117 127 157
120 6 105 106 112 131 157 164
121 5 101 103 118 126 141
122 6 111 116 125 142 143 145
123 7 93 102 104 110 131 139 169
124 3 140 143 147
125 1 122
126 5 103 121 133 134 151
127 4 119 128 159 160
128 2 127 159
129 1 142
130 3 110 115 136
131 4 105 120 123 164
132 4 100 103 115 134
133 4 126 134 141 151
134 5 126 132 133 144 151
135 6 141 144 151 156 161 162
136 6 110 130 137 144 148 163
137 4 136 138 163 168
138 2 137 139
139 4 110 123 138 169
140 3 118 124 147
141 4 121 133 135 154
142 3 122 129 150
143 5 111 122 124 145 147
144 7 115 134 135 136 148 151 156
145 4 122 143 146 149
146 3 145 147 149
147 4 124 140 143 146
148 4 136 144 156 161
149 3 145 146 152
150 2 142 158
151 5 126 133 134 135 144
152 4 149 153 155 158
153 2 152 155
154 4 141 155 162 167
155 4 152 153 154 167
156 4 135 144 148 161
157 4 112 119 120 160
158 2 150 152
159 4 127 128 160 165
160 4 127 157 159 165
161 5 135 148 156 162 166
162 4 135 154 161 166
163 4 136 137 166 168
164 2 120 131
165 2 159 160
166 3 161 162 163
167 2 154 155
168 2 137 163
169 2 123 139
